1559710128,9291
1161516744,9141
438082234,9172
1679921610,9214
2061768494,9219
251881459,9291
1127807150,9264
423796317,9203
160037974,9174
1795263445,9074
1691868038,9129
210726117,9246
1406841514,9315
2087460705,9224
484059201,9085
281540214,9189
1973672729,8976
1781156898,9016
869531604,9186
1786182461,9260
735214967,9126
1998919270,9216
1893178645,9218
261079619,9188
762170139,9249
115060661,9051
1369710904,9169
1244649663,9131
1515483741,9165
1323607113,9121
1238862323,8868
2146059253,9114
992577945,9168
1364345340,9104
1542974324,9346
130752564,9255
